60
64
300

0

2
2
20
0

414
7
0
60
53 59 36 42 40 38 61 51 33 37 24 26 13 56 13 3 57 43 4 55 33 36 42 4 26 41 17 17 2 52 21 58 13 18 49 50 44 43 44 19 3 38 3 8 39 26 26 3 26 25 40 22 37 3 16 3 34 13 38 16 8 37 51 24 

2601
1
0
35
13 51 11 42 15 37 47 20 45 3 23 16 15 35 61 30 11 10 58 56 39 51 57 11 17 0 20 55 24 11 16 14 28 2 58 30 20 55 54 16 45 54 57 11 54 19 35 41 33 48 62 22 8 21 22 52 44 23 25 10 3 2 57 48 

66

1
0

80
0

104
0

190
0

223
0

269
0

286
0

361
0

423
4

490
3

513
0

584
0

659
3

673
4

690
0

719
0

734
3

771
0

934
0

992
3

1010
4

1177
0

1204
1

1374
5

1388
0

1540
0

1542
1

1551
4

1665
0

1696
0

1771
3

1901
0

1907
0

1930
3

2016
3

2041
3

2070
2

2149
0

2175
0

2228
0

2332
0

2365
4

2502
4

2529
0

2545
0

2549
0

2569
0

2577
0

2589
4

2669
2

2677
0

2716
5

2793
0

2880
0

2958
3

3018
0

3069
0

3139
0

3167
0

3179
4

3235
1

3357
0

3420
1

3442
0

3520
4

3554
0

