60
64
-858993460
8
0
0

272
19
0
57
57 50 27 41 15 46 2 46 56 38 12 19 22 31 34 4 50 45 15 56 59 30 12 58 5 3 49 2 53 55 53 62 62 3 45 45 11 29 60 43 4 10 32 29 11 13 5 59 3 31 36 37 24 23 32 59 10 44 50 35 26 10 34 30 

1241
19
0
2
35 47 62 24 45 54 31 0 50 35 53 13 12 2 43 2 52 17 57 4 24 9 32 38 6 41 3 41 22 45 34 12 31 6 48 29 12 31 37 3 51 33 60 5 26 53 52 24 53 55 60 47 45 18 21 43 52 28 6 28 59 45 2 3 

838
19
0
2
19 38 51 57 7 30 29 16 10 50 12 4 52 25 39 19 42 5 29 38 25 28 30 24 55 14 47 10 48 28 45 5 53 61 57 14 21 37 22 46 57 54 15 50 48 4 51 37 26 30 15 24 15 51 26 12 29 57 46 56 12 51 39 20 

2552
19
0
2
24 23 25 26 51 8 60 0 57 29 8 50 29 33 57 11 42 7 1 52 37 26 58 21 51 61 9 8 28 29 2 44 29 39 28 22 59 47 56 25 58 35 31 62 25 35 28 20 18 9 15 31 41 29 51 45 1 19 2 54 58 25 6 7 

250
19
0
2
21 5 9 14 62 2 5 18 54 33 4 47 33 56 3 25 3 48 35 61 44 46 2 27 38 20 41 50 25 7 58 14 37 0 42 31 29 19 16 16 17 33 24 4 33 43 21 15 11 27 58 45 46 44 13 18 8 40 43 17 31 7 35 8 

3141
19
0
2
5 3 0 4 16 33 61 42 6 32 23 53 1 10 27 7 43 37 36 19 49 61 28 23 52 30 22 43 29 16 10 53 46 18 18 33 62 22 56 7 46 5 61 52 3 45 31 39 42 41 0 12 44 60 53 7 18 51 45 43 16 23 3 61 

1570
23
0
5
16 8 29 45 5 59 46 62 16 6 32 24 25 47 37 58 50 33 0 5 9 40 26 40 30 9 10 11 60 32 14 49 5 27 49 57 35 51 15 8 5 6 20 43 13 2 12 22 43 40 0 5 58 35 30 16 15 40 20 50 26 15 44 49 

51
19
0
2
22 5 27 0 4 60 5 19 11 15 8 62 14 12 23 12 44 1 41 35 7 46 40 49 18 62 1 56 1 1 2 11 42 16 5 8 56 39 54 16 36 2 43 4 54 3 15 56 31 0 45 8 42 0 35 61 41 3 36 44 38 52 3 47 

48

68
0

82
-4

177
0

294
-1

323
1

365
-5

476
-1

720
0

725
-4

802
-3

811
-2

812
0

821
-1

886
0

931
0

1097
0

1219
0

1293
0

1377
-2

1405
-2

1544
-2

1577
-4

1580
-3

1669
-3

1761
-4

1859
0

1879
0

1958
-2

1996
0

2265
-4

2310
-3

2375
0

2404
-1

2503
0

2575
0

2597
0

2613
0

2632
-4

2806
0

2814
0

2896
-4

2908
-3

3143
0

3350
0

3412
-1

3436
0

3478
-3

3498
0

